000030324271020251612000018984000
000030325271020251632000008419001
000030326271020251700000019015800
000030327271020251704000009035201
000030328271020251711000009583402
000030329271020251800000018933400
000030330281020250703000018981100
000030331281020250726000019015800
000030332281020250732000009495103
000030333281020250732000008419001
000030334281020250737000018984000
000030335281020250744000009035201
000030336281020250940000018933400
000030337281020251113000009583402
000030338281020251125000019015800
000030339281020251129000018984000
000030340281020251152000009035201
000030341281020251155000008491301
000030342281020251201000008419001
000030343281020251201000009495103
000030344281020251228000018939200
000030345281020251258000009035201
000030346281020251258000009495103
000030347281020251301000008419001
000030348281020251303000018984000
000030349281020251305000018933400
